0.00 0.00 0.00 0.00 0.00 0.00
0.37 0.43 0.37 0.43 0.48 -0.02
0.59 0.65 0.59 0.65 0.71 0.20
0.43 0.48 0.43 0.48 0.54 0.03
0.06 0.01 0.06 0.01 -0.44 -0.44
0.00 0.00 0.00 0.00 0.00 0.00
0.06 0.01 0.06 0.01 -0.44 -0.44
0.21 0.16 0.21 0.16 -0.29 -0.29
0.48 0.43 0.37 0.43 -0.02 -0.02
0.27 0.21 0.16 0.21 -0.24 -0.24
0.00 0.00 0.00 0.00 0.00 0.00
0.32 0.27 0.21 0.27 -0.19 -0.18
0.16 0.11 0.16 0.11 -0.34 -0.34
0.27 0.21 0.27 0.21 -0.24 -0.24
0.16 0.11 0.16 0.11 -0.34 -0.34
0.00 0.00 0.00 0.00 0.00 0.00
0.88 0.94 0.88 0.94 0.49 1.00
0.54 0.48 0.54 0.48 0.02 0.43
0.76 0.71 0.65 0.71 0.26 0.65
0.59 0.54 0.59 0.54 0.09 0.48
0.00 0.00 0.00 0.00 0.00 0.00
0.32 0.37 0.37 0.43 -0.08 -0.08
0.54 0.59 0.59 0.65 0.14 0.14
0.37 0.43 0.43 0.48 -0.02 -0.02
0.11 0.06 0.06 0.01 -0.39 -0.39
0.00 0.00 0.00 0.00 0.00 0.00
0.11 0.06 0.06 0.01 -0.39 -0.39
0.27 0.21 0.21 0.16 -0.24 -0.24
0.43 0.37 0.37 0.43 -0.08 -0.08
0.21 0.16 0.16 0.21 -0.29 -0.29
0.00 0.00 0.00 0.00 0.00 0.00
0.27 0.21 0.21 0.27 -0.24 -0.24
0.21 0.16 0.16 0.11 -0.31 -0.29
0.32 0.27 0.27 0.21 -0.18 -0.19
0.21 0.16 0.16 0.11 -0.29 -0.29
0.00 0.00 0.00 0.00 0.00 0.00
0.82 0.88 0.88 0.94 0.43 0.43
0.59 0.54 0.54 0.48 0.09 0.09
0.71 0.65 0.65 0.71 0.20 0.20
0.65 0.59 0.59 0.54 0.14 0.14
0.00 0.00 0.00 0.00 0.00 0.00
0.16 0.11 0.06 0.11 -0.34 -0.34
0.37 0.32 0.27 0.32 -0.13 -0.13
0.21 0.16 0.11 0.16 -0.29 -0.29
0.27 0.32 0.37 0.32 -0.13 -0.13
0.00 0.00 0.00 0.00 0.00 0.00
0.27 0.32 0.37 0.32 -0.13 -0.13
0.43 0.48 0.54 0.48 0.03 0.03
0.37 0.32 0.27 0.32 -0.13 -0.13
0.16 0.11 0.06 0.11 -0.34 -0.34
0.00 0.00 0.00 0.00 0.00 0.00
0.21 0.16 0.11 0.16 -0.29 -0.29
0.27 0.21 0.27 0.21 -0.24 -0.24
0.37 0.32 0.37 0.32 -0.13 -0.13
0.27 0.21 0.27 0.21 -0.24 -0.24
0.00 0.00 0.00 0.00 0.00 0.00
0.65 0.59 0.54 0.59 0.13 0.14
0.76 0.82 0.88 0.82 0.37 0.37
0.65 0.59 0.54 0.59 0.08 0.14
0.71 0.65 0.71 0.65 0.20 0.20
0.00 0.00 0.00 0.00 0.00 0.00
0.11 0.06 0.01 0.11 -0.39 -0.39
0.32 0.26 0.21 0.32 -0.18 -0.18
0.16 0.11 0.06 0.16 -0.34 -0.34
0.32 0.37 0.43 0.32 -0.08 -0.08
0.00 0.00 0.00 0.00 0.00 0.00
0.32 0.37 0.43 0.32 -0.08 -0.08
0.48 0.54 0.59 0.48 0.08 0.09
0.32 0.27 0.21 0.32 -0.18 -0.18
0.11 0.06 0.01 0.11 -0.39 -0.39
0.00 0.00 0.00 0.00 0.00 0.00
0.16 0.11 0.06 0.16 -0.34 -0.34
0.32 0.27 0.21 0.21 -0.18 -0.18
0.43 0.37 0.32 0.32 -0.08 -0.08
0.32 0.27 0.21 0.21 -0.18 -0.18
0.00 0.00 0.00 0.00 0.00 0.00
0.59 0.54 0.48 0.59 0.09 0.09
0.82 0.88 0.94 0.82 0.43 0.43
0.59 0.54 0.48 0.59 0.09 0.09
0.76 0.71 0.65 0.65 0.26 0.26
0.00 0.00 0.00 0.00 0.00 0.00
0.06 0.01 0.01 0.06 -0.44 -0.44
0.27 0.21 0.21 0.25 -0.24 -0.24
0.11 0.06 0.06 0.11 -0.39 -0.39
0.37 0.43 0.43 0.37 0.48 -0.02
0.00 0.00 0.00 0.00 0.00 0.00
0.37 0.43 0.43 0.37 0.48 -0.02
0.54 0.59 0.59 0.54 0.65 0.14
0.27 0.21 0.21 0.27 -0.24 -0.24
0.06 0.01 0.01 0.06 -0.44 -0.44
0.00 0.00 0.00 0.00 0.00 0.00
0.11 0.06 0.06 0.11 -0.39 -0.39
0.27 0.21 0.21 0.27 -0.24 -0.24
0.37 0.32 0.32 0.37 -0.13 -0.13
0.27 0.21 0.21 0.27 -0.24 -0.24
0.00 0.00 0.00 0.00 0.00 0.00
0.54 0.48 0.48 0.54 0.03 0.43
0.88 0.94 0.94 0.88 0.49 1.00
0.54 0.48 0.48 0.54 0.03 0.43
0.71 0.65 0.65 0.71 0.20 0.59
0.00 0.00 0.00 0.00 0.00 0.00
0.32 0.43 0.32 0.37 -0.08 -0.08
0.54 0.65 0.54 0.59 0.14 0.14
0.37 0.48 0.37 0.43 -0.02 -0.02
0.11 0.01 0.11 0.06 -0.39 -0.39
0.00 0.00 0.00 0.00 0.00 0.00
0.11 0.01 0.11 0.06 -0.39 -0.39
0.27 0.16 0.27 0.21 -0.24 -0.24
0.54 0.43 0.43 0.48 0.03 0.03
0.32 0.21 0.21 0.27 -0.18 -0.18
0.00 0.00 0.00 0.00 0.00 0.00
0.37 0.27 0.27 0.32 -0.13 -0.13
0.21 0.11 0.21 0.16 -0.29 -0.29
0.32 0.21 0.32 0.27 -0.18 -0.18
0.21 0.11 0.21 0.16 -0.29 -0.29
0.00 0.00 0.00 0.00 0.00 0.00
0.82 0.94 0.82 0.88 0.43 0.43
0.59 0.48 0.59 0.54 0.09 0.09
0.82 0.71 0.71 0.76 0.31 0.31
0.65 0.54 0.65 0.59 0.14 0.14
0.00 0.00 0.00 0.00 0.00 0.00
0.27 0.37 0.32 0.37 -0.13 -0.13
0.48 0.59 0.54 0.59 0.09 0.09
0.32 0.43 0.37 0.43 -0.08 -0.08
0.16 0.06 0.11 0.06 -0.34 -0.34
0.00 0.00 0.00 0.00 0.00 0.00
0.16 0.06 0.11 0.06 -0.34 -0.34
0.32 0.21 0.27 0.21 -0.18 -0.18
0.48 0.37 0.43 0.48 -0.02 -0.02
0.27 0.16 0.21 0.27 -0.24 -0.24
0.00 0.00 0.00 0.00 0.00 0.00
0.32 0.21 0.27 0.32 -0.18 -0.18
0.27 0.16 0.21 0.16 -0.24 -0.24
0.37 0.27 0.32 0.27 -0.13 -0.13
0.27 0.16 0.21 0.16 -0.24 -0.24
0.00 0.00 0.00 0.00 0.00 0.00
0.76 0.88 0.82 0.88 0.37 0.37
0.65 0.54 0.59 0.54 0.14 0.14
0.76 0.65 0.71 0.76 0.26 0.26
0.71 0.59 0.65 0.59 0.20 0.20
0.00 0.00 0.00 0.00 0.00 0.00
0.21 0.11 0.11 0.16 -0.29 -0.29
0.43 0.32 0.32 0.37 -0.08 -0.08
0.27 0.16 0.16 0.21 -0.24 -0.24
0.21 0.32 0.32 0.27 -0.18 -0.18
0.00 0.00 0.00 0.00 0.00 0.00
0.21 0.32 0.32 0.27 -0.18 -0.20
0.37 0.48 0.48 0.43 -0.02 -0.02
0.43 0.32 0.32 0.37 -0.08 -0.08
0.21 0.11 0.11 0.16 -0.29 -0.29
0.00 0.00 0.00 0.00 0.00 0.00
0.27 0.16 0.16 0.21 -0.24 -0.24
0.32 0.21 0.32 0.27 -0.18 -0.18
0.43 0.32 0.43 0.37 -0.08 -0.08
0.32 0.21 0.32 0.27 -0.18 -0.18
0.00 0.00 0.00 0.00 0.00 0.00
0.71 0.59 0.59 0.65 0.20 0.20
0.71 0.82 0.82 0.76 0.31 0.31
0.71 0.59 0.59 0.65 0.20 0.20
0.76 0.65 0.76 0.71 0.26 0.26
0.00 0.00 0.00 0.00 0.00 0.00
0.16 0.06 0.06 0.16 -0.34 -0.34
0.37 0.27 0.27 0.37 -0.13 -0.13
0.21 0.11 0.11 0.21 -0.30 -0.29
0.27 0.37 0.37 0.25 -0.13 -0.13
0.00 0.00 0.00 0.00 0.00 0.00
0.27 0.37 0.37 0.27 -0.13 -0.13
0.43 0.54 0.54 0.43 0.03 0.03
0.37 0.27 0.27 0.37 -0.13 -0.13
0.16 0.06 0.06 0.16 -0.34 -0.35
0.00 0.00 0.00 0.00 0.00 0.00
0.21 0.11 0.11 0.21 -0.29 -0.29
0.37 0.27 0.27 0.27 -0.13 -0.13
0.48 0.37 0.37 0.37 -0.02 -0.03
0.37 0.27 0.27 0.27 -0.13 -0.13
0.00 0.00 0.00 0.00 0.00 0.00
0.65 0.54 0.54 0.65 0.14 0.14
0.76 0.88 0.88 0.76 0.37 0.37
0.65 0.54 0.54 0.65 0.14 0.14
0.82 0.71 0.71 0.71 0.31 0.31
0.00 0.00 0.00 0.00 0.00 0.00
0.11 0.01 0.06 0.11 -0.39 -0.39
0.32 0.21 0.27 0.32 -0.19 -0.18
0.16 0.06 0.11 0.16 -0.34 -0.34
0.32 0.43 0.37 0.32 -0.08 -0.08
0.00 0.00 0.00 0.00 0.00 0.00
0.32 0.43 0.37 0.32 -0.08 -0.08
0.48 0.59 0.54 0.48 0.09 0.09
0.32 0.21 0.27 0.32 -0.19 -0.18
0.11 0.01 0.06 0.11 -0.39 -0.39
0.00 0.00 0.00 0.00 0.00 0.00
0.16 0.06 0.11 0.16 -0.34 -0.34
0.32 0.21 0.27 0.32 -0.18 -0.18
0.43 0.32 0.37 0.43 -0.08 -0.08
0.32 0.21 0.27 0.32 -0.18 -0.18
0.00 0.00 0.00 0.00 0.00 0.00
0.59 0.48 0.54 0.59 0.09 0.09
0.82 0.94 0.88 0.82 0.43 0.43
0.59 0.48 0.54 0.59 0.09 0.09
0.76 0.65 0.71 0.76 0.25 0.26
0.00 0.00 0.00 0.00 0.00 0.00
0.27 0.37 0.27 0.32 -0.13 -0.13
0.48 0.59 0.48 0.54 0.05 0.09
0.32 0.43 0.32 0.37 -0.09 -0.08
0.06 0.06 0.16 0.11 -0.34 -0.34
0.00 0.00 0.00 0.00 0.00 0.00
0.06 0.06 0.16 0.11 -0.34 -0.34
0.21 0.21 0.32 0.27 -0.18 -0.18
0.59 0.48 0.48 0.54 0.09 0.09
0.37 0.27 0.27 0.32 -0.13 -0.15
0.00 0.00 0.00 0.00 0.00 0.00
0.43 0.32 0.32 0.37 -0.08 -0.09
0.16 0.16 0.27 0.21 -0.24 -0.24
0.27 0.27 0.37 0.32 -0.13 -0.13
0.16 0.16 0.27 0.21 -0.24 -0.24
0.00 0.00 0.00 0.00 0.00 0.00
0.76 0.88 0.76 0.82 0.37 0.37
0.54 0.54 0.65 0.59 0.14 0.14
0.88 0.76 0.76 0.82 0.37 0.37
0.59 0.59 0.71 0.65 0.20 0.20
0.00 0.00 0.00 0.00 0.00 0.00
0.21 0.32 0.21 0.32 -0.18 -0.18
0.43 0.54 0.43 0.54 0.03 0.03
0.27 0.37 0.27 0.37 -0.13 -0.13
0.11 0.11 0.21 0.11 -0.29 -0.29
0.00 0.00 0.00 0.00 0.00 0.00
0.11 0.11 0.21 0.11 -0.29 -0.29
0.27 0.27 0.37 0.27 -0.13 -0.13
0.43 0.43 0.43 0.54 0.03 0.03
0.21 0.21 0.21 0.32 -0.18 -0.19
0.00 0.00 0.00 0.00 0.00 0.00
0.27 0.27 0.27 0.37 -0.13 -0.13
0.21 0.21 0.32 0.21 -0.18 -0.18
0.32 0.32 0.43 0.32 -0.08 -0.08
0.21 0.21 0.32 0.21 -0.18 -0.18
0.00 0.00 0.00 0.00 0.00 0.00
0.71 0.82 0.71 0.82 0.31 0.31
0.59 0.59 0.71 0.59 0.20 0.20
0.71 0.71 0.71 0.82 0.31 0.31
0.65 0.65 0.76 0.65 0.26 0.26
0.00 0.00 0.00 0.00 0.00 0.00
0.16 0.16 0.16 0.27 -0.24 -0.24
0.37 0.37 0.37 0.48 -0.02 -0.02
0.21 0.21 0.21 0.32 -0.18 -0.18
0.16 0.27 0.27 0.16 -0.26 -0.24
0.00 0.00 0.00 0.00 0.00 0.00
0.16 0.27 0.27 0.16 -0.24 -0.24
0.32 0.43 0.43 0.32 -0.08 -0.08
0.37 0.37 0.37 0.48 -0.02 -0.02
0.16 0.16 0.16 0.27 -0.24 -0.24
0.00 0.00 0.00 0.00 0.00 0.00
0.21 0.21 0.21 0.32 -0.18 -0.18
0.27 0.27 0.37 0.27 -0.13 -0.13
0.37 0.37 0.48 0.37 -0.02 -0.02
0.27 0.27 0.37 0.27 -0.13 -0.13
0.00 0.00 0.00 0.00 0.00 0.00
0.65 0.65 0.65 0.76 0.26 0.26
0.65 0.76 0.76 0.65 0.26 0.26
0.65 0.65 0.65 0.76 0.26 0.26
0.71 0.71 0.82 0.71 0.31 0.31
0.00 0.00 0.00 0.00 0.00 0.00
0.11 0.11 0.11 0.21 -0.29 -0.29
0.32 0.32 0.32 0.43 -0.08 -0.08
0.16 0.16 0.16 0.27 -0.24 -0.24
0.21 0.32 0.32 0.21 -0.18 -0.18
0.00 0.00 0.00 0.00 0.00 0.00
0.21 0.32 0.32 0.21 -0.18 -0.18
0.37 0.48 0.48 0.37 -0.03 -0.02
0.32 0.32 0.32 0.43 -0.08 -0.08
0.11 0.11 0.11 0.21 -0.29 -0.29
0.00 0.00 0.00 0.00 0.00 0.00
0.16 0.16 0.16 0.27 -0.24 -0.24
0.43 0.32 0.32 0.32 -0.09 -0.08
0.54 0.43 0.43 0.43 0.03 0.03
0.43 0.32 0.32 0.32 -0.08 -0.08
0.00 0.00 0.00 0.00 0.00 0.00
0.59 0.59 0.59 0.71 0.20 0.20
0.71 0.82 0.82 0.71 0.31 0.28
0.59 0.59 0.59 0.71 0.20 0.20
0.88 0.76 0.76 0.76 0.37 0.37
0.00 0.00 0.00 0.00 0.00 0.00
0.06 0.06 0.11 0.16 -0.34 -0.34
0.27 0.27 0.32 0.37 -0.13 -0.13
0.11 0.11 0.16 0.21 -0.29 -0.29
0.27 0.37 0.32 0.27 -0.13 -0.13
0.00 0.00 0.00 0.00 0.00 0.00
0.27 0.37 0.32 0.27 -0.13 -0.13
0.43 0.54 0.48 0.43 0.03 0.03
0.27 0.27 0.32 0.37 -0.13 -0.13
0.06 0.06 0.11 0.16 -0.34 -0.34
0.00 0.00 0.00 0.00 0.00 0.00
0.11 0.11 0.16 0.21 -0.29 -0.29
0.37 0.27 0.32 0.37 -0.13 -0.13
0.48 0.37 0.43 0.47 -0.02 -0.02
0.37 0.27 0.32 0.37 -0.13 -0.13
0.00 0.00 0.00 0.00 0.00 0.00
0.54 0.54 0.59 0.65 0.14 0.14
0.76 0.88 0.82 0.76 0.37 0.36
0.54 0.54 0.59 0.65 0.14 0.14
0.82 0.71 0.76 0.82 0.31 0.31
0.00 0.00 0.00 0.00 0.00 0.00
0.21 0.32 0.27 0.27 -0.18 -0.18
0.43 0.54 0.48 0.48 0.03 0.01
0.27 0.37 0.32 0.32 -0.13 -0.13
0.01 0.11 0.06 0.06 -0.39 -0.39
0.00 0.00 0.00 0.00 0.00 0.00
0.01 0.11 0.06 0.06 -0.39 -0.39
0.16 0.27 0.21 0.21 -0.24 -0.24
0.65 0.54 0.59 0.59 0.14 0.14
0.43 0.32 0.37 0.37 -0.08 -0.08
0.00 0.00 0.00 0.00 0.00 0.00
0.48 0.37 0.43 0.43 -0.02 -0.02
0.11 0.21 0.16 0.16 -0.29 -0.29
0.21 0.32 0.27 0.27 -0.18 -0.18
0.11 0.21 0.16 0.16 -0.29 -0.29
0.00 0.00 0.00 0.00 0.00 0.00
0.71 0.82 0.76 0.76 0.28 0.31
0.48 0.59 0.54 0.54 0.09 0.09
0.94 0.82 0.88 0.88 0.43 0.43
0.54 0.65 0.59 0.59 0.14 0.14
0.00 0.00 0.00 0.00 0.00 0.00
0.16 0.27 0.16 0.21 -0.24 -0.24
0.37 0.48 0.37 0.43 -0.02 -0.02
0.21 0.32 0.21 0.27 -0.18 -0.18
0.06 0.16 0.16 0.11 -0.34 -0.34
0.00 0.00 0.00 0.00 0.00 0.00
0.06 0.16 0.16 0.11 -0.34 -0.34
0.21 0.32 0.32 0.27 -0.18 -0.18
0.37 0.48 0.37 0.43 -0.02 -0.02
0.16 0.27 0.16 0.21 -0.24 -0.24
0.00 0.00 0.00 0.00 0.00 0.00
0.21 0.32 0.21 0.27 -0.19 -0.18
0.16 0.27 0.27 0.21 -0.24 -0.24
0.27 0.37 0.37 0.32 -0.13 -0.14
0.16 0.27 0.27 0.21 -0.24 -0.24
0.00 0.00 0.00 0.00 0.00 0.00
0.65 0.76 0.65 0.71 0.26 0.26
0.54 0.65 0.65 0.59 0.14 0.14
0.65 0.76 0.65 0.71 0.24 0.25
0.59 0.71 0.71 0.65 0.20 0.20
0.00 0.00 0.00 0.00 0.00 0.00
0.11 0.21 0.16 0.21 -0.29 -0.29
0.32 0.43 0.37 0.43 -0.11 -0.08
0.16 0.27 0.21 0.27 -0.24 -0.24
0.11 0.21 0.16 0.11 -0.29 -0.29
0.00 0.00 0.00 0.00 0.00 0.00
0.11 0.21 0.16 0.11 -0.29 -0.29
0.27 0.37 0.32 0.27 -0.13 -0.13
0.32 0.43 0.37 0.43 -0.08 -0.08
0.11 0.21 0.16 0.21 -0.29 -0.29
0.00 0.00 0.00 0.00 0.00 0.00
0.16 0.27 0.21 0.27 -0.24 -0.24
0.21 0.32 0.27 0.21 -0.19 -0.18
0.32 0.43 0.37 0.32 -0.08 -0.08
0.21 0.32 0.27 0.21 -0.18 -0.18
0.00 0.00 0.00 0.00 0.00 0.00
0.59 0.71 0.65 0.71 0.20 0.20
0.59 0.71 0.65 0.59 0.20 0.20
0.59 0.71 0.65 0.71 0.20 0.20
0.65 0.76 0.71 0.65 0.26 0.20
0.00 0.00 0.00 0.00 0.00 0.00
0.06 0.16 0.06 0.11 -0.34 -0.34
0.27 0.37 0.27 0.32 -0.13 -0.13
0.11 0.21 0.11 0.16 -0.30 -0.29
0.16 0.27 0.27 0.21 -0.24 -0.24
0.00 0.00 0.00 0.00 0.00 0.00
0.16 0.27 0.27 0.21 -0.24 -0.24
0.32 0.43 0.43 0.37 -0.08 -0.08
0.27 0.37 0.27 0.32 -0.13 -0.13
0.06 0.16 0.06 0.11 -0.34 -0.34
0.00 0.00 0.00 0.00 0.00 0.00
0.11 0.21 0.11 0.16 -0.29 -0.29
0.48 0.37 0.37 0.43 -0.02 -0.02
0.59 0.48 0.48 0.54 0.09 0.09
0.48 0.37 0.37 0.43 -0.02 -0.02
0.00 0.00 0.00 0.00 0.00 0.00
0.54 0.65 0.54 0.59 0.14 0.14
0.65 0.76 0.76 0.71 0.14 0.26
0.54 0.65 0.54 0.59 0.14 0.14
0.94 0.82 0.82 0.88 0.43 0.43
0.00 0.00 0.00 0.00 0.00 0.00
0.01 0.11 0.06 0.11 -0.39 -0.39
0.21 0.32 0.27 0.32 -0.18 -0.18
0.06 0.16 0.11 0.16 -0.34 -0.34
0.21 0.32 0.27 0.21 -0.18 -0.18
0.00 0.00 0.00 0.00 0.00 0.00
0.21 0.32 0.27 0.21 -0.18 -0.18
0.37 0.48 0.43 0.37 -0.02 -0.02
0.21 0.32 0.27 0.32 -0.18 -0.18
0.01 0.11 0.06 0.11 -0.39 -0.39
0.00 0.00 0.00 0.00 0.00 0.00
0.06 0.16 0.11 0.16 -0.34 -0.34
0.43 0.32 0.37 0.43 -0.08 -0.08
0.54 0.43 0.48 0.54 0.03 0.03
0.43 0.32 0.37 0.43 -0.08 -0.08
0.00 0.00 0.00 0.00 0.00 0.00
0.48 0.59 0.54 0.59 0.09 0.09
0.71 0.82 0.76 0.71 0.31 0.31
0.48 0.59 0.54 0.59 0.09 0.09
0.88 0.76 0.82 0.88 0.37 0.37
0.00 0.00 0.00 0.00 0.00 0.00
0.21 0.27 0.21 0.21 -0.24 -0.24
0.43 0.48 0.43 0.43 -0.04 -0.02
0.27 0.32 0.27 0.27 -0.18 -0.21
0.01 0.06 0.01 0.01 -0.44 -0.44
0.00 0.00 0.00 0.00 0.00 0.00
0.01 0.06 0.01 0.01 -0.44 -0.44
0.16 0.21 0.16 0.16 -0.29 -0.29
0.65 0.59 0.65 0.65 0.71 0.20
0.43 0.37 0.43 0.43 0.48 -0.02
0.00 0.00 0.00 0.00 0.00 0.00
0.48 0.43 0.48 0.48 0.54 0.03
0.11 0.16 0.11 0.11 -0.34 -0.34
0.21 0.27 0.21 0.21 -0.24 -0.24
0.11 0.16 0.11 0.11 -0.34 -0.34
0.00 0.00 0.00 0.00 0.00 0.00
0.71 0.76 0.71 0.71 0.26 0.65
0.48 0.54 0.48 0.48 0.03 0.43
0.94 0.88 0.94 0.94 0.49 1.00
0.54 0.59 0.54 0.54 0.09 0.48
0.00 0.00 0.00 0.00 0.00 0.00
0.16 0.21 0.11 0.16 -0.29 -0.29
0.37 0.43 0.32 0.37 -0.09 -0.08
0.21 0.27 0.16 0.21 -0.24 -0.24
0.06 0.11 0.11 0.06 -0.39 -0.39
0.00 0.00 0.00 0.00 0.00 0.00
0.06 0.11 0.11 0.06 -0.39 -0.39
0.21 0.27 0.27 0.21 -0.24 -0.24
0.37 0.43 0.32 0.37 -0.08 -0.08
0.16 0.21 0.11 0.16 -0.29 -0.29
0.00 0.00 0.00 0.00 0.00 0.00
0.21 0.27 0.16 0.21 -0.24 -0.24
0.16 0.21 0.21 0.16 -0.29 -0.29
0.27 0.32 0.32 0.27 -0.18 -0.18
0.16 0.21 0.21 0.16 -0.29 -0.29
0.00 0.00 0.00 0.00 0.00 0.00
0.65 0.71 0.59 0.65 0.18 0.20
0.54 0.59 0.59 0.54 0.09 0.04
0.64 0.71 0.59 0.65 0.20 0.18
0.59 0.65 0.65 0.59 0.14 0.14
0.00 0.00 0.00 0.00 0.00 0.00
0.11 0.16 0.11 0.16 -0.34 -0.34
0.32 0.37 0.32 0.37 -0.13 -0.13
0.16 0.21 0.16 0.21 -0.29 -0.29
0.11 0.16 0.11 0.06 -0.34 -0.34
0.00 0.00 0.00 0.00 0.00 0.00
0.11 0.16 0.11 0.06 -0.34 -0.34
0.27 0.32 0.27 0.21 -0.18 -0.18
0.32 0.37 0.32 0.37 -0.13 -0.13
0.11 0.16 0.11 0.16 -0.34 -0.34
0.00 0.00 0.00 0.00 0.00 0.00
0.16 0.21 0.16 0.21 -0.29 -0.29
0.21 0.27 0.21 0.16 -0.24 -0.24
0.32 0.37 0.32 0.27 -0.13 -0.13
0.21 0.27 0.21 0.16 -0.24 -0.24
0.00 0.00 0.00 0.00 0.00 0.00
0.58 0.65 0.59 0.65 0.14 0.14
0.59 0.65 0.59 0.54 0.14 0.14
0.59 0.65 0.59 0.65 0.14 0.14
0.65 0.71 0.65 0.59 0.20 0.20
0.00 0.00 0.00 0.00 0.00 0.00
0.06 0.11 0.01 0.06 -0.39 -0.39
0.27 0.32 0.21 0.27 -0.19 -0.18
0.11 0.16 0.06 0.11 -0.34 -0.34
0.16 0.21 0.21 0.16 -0.29 -0.29
0.00 0.00 0.00 0.00 0.00 0.00
0.16 0.21 0.21 0.16 -0.29 -0.29
0.32 0.37 0.37 0.32 -0.13 -0.13
0.27 0.32 0.21 0.27 -0.18 -0.18
0.06 0.11 0.01 0.06 -0.39 -0.39
0.00 0.00 0.00 0.00 0.00 0.00
0.11 0.16 0.06 0.11 -0.34 -0.34
0.48 0.43 0.43 0.48 0.54 0.03
0.59 0.54 0.54 0.59 0.65 0.14
0.48 0.43 0.43 0.48 0.54 0.03
0.00 0.00 0.00 0.00 0.00 0.00
0.54 0.59 0.48 0.54 0.09 0.48
0.65 0.71 0.71 0.65 0.20 0.59
0.54 0.59 0.48 0.54 0.09 0.48
0.94 0.88 0.88 0.94 0.49 1.00
0.00 0.00 0.00 0.00 0.00 0.00
0.01 0.06 0.01 0.06 -0.44 -0.44
0.21 0.27 0.21 0.27 -0.24 -0.24
0.06 0.11 0.06 0.11 -0.39 -0.39
0.21 0.27 0.21 0.16 -0.24 -0.24
0.00 0.00 0.00 0.00 0.00 0.00
0.21 0.27 0.21 0.16 -0.24 -0.24
0.37 0.43 0.37 0.32 -0.08 -0.08
0.21 0.27 0.21 0.27 -0.24 -0.24
0.01 0.06 0.01 0.06 -0.44 -0.44
0.00 0.00 0.00 0.00 0.00 0.00
0.06 0.11 0.06 0.11 -0.39 -0.39
0.43 0.37 0.43 0.48 -0.02 -0.02
0.54 0.48 0.54 0.59 0.08 0.09
0.43 0.37 0.43 0.48 -0.02 -0.02
0.00 0.00 0.00 0.00 0.00 0.00
0.48 0.54 0.48 0.54 0.03 0.03
0.71 0.76 0.71 0.65 0.25 0.26
0.48 0.54 0.48 0.54 0.03 0.03
0.88 0.82 0.88 0.94 0.43 0.43
