0.00 0.00 0.00 0.00 0.00 0.00
0.24 0.30 0.24 0.30 0.36 -0.15
0.51 0.57 0.51 0.57 0.64 0.12
0.31 0.37 0.31 0.37 0.43 -0.08
-0.05 -0.05 -0.05 -0.05 -0.50 -0.50
0.00 0.00 0.00 0.00 0.00 0.00
-0.05 -0.05 -0.05 -0.05 -0.50 -0.50
0.04 -0.01 0.04 -0.01 -0.46 -0.46
0.36 0.30 0.25 0.30 -0.15 -0.15
0.10 0.04 -0.01 0.04 -0.41 -0.41
0.00 0.00 0.00 0.00 0.00 0.00
0.16 0.11 0.05 0.11 -0.34 -0.34
-0.02 -0.05 -0.02 -0.05 -0.50 -0.50
0.11 0.05 0.11 0.05 -0.40 -0.40
-0.02 -0.05 -0.02 -0.05 -0.50 -0.50
0.00 0.00 0.00 0.00 0.00 0.00
0.77 0.84 0.77 0.84 0.39 1.00
0.43 0.37 0.43 0.37 -0.08 0.31
0.71 0.64 0.59 0.64 0.19 0.58
0.50 0.43 0.50 0.43 -0.02 0.37
0.00 0.00 0.00 0.00 0.00 0.00
0.18 0.23 0.23 0.29 -0.22 -0.22
0.44 0.50 0.50 0.57 0.05 0.05
0.24 0.30 0.30 0.36 -0.15 -0.15
-0.05 -0.05 -0.05 -0.05 -0.50 -0.50
0.00 0.00 0.00 0.00 0.00 0.00
-0.05 -0.05 -0.05 -0.05 -0.50 -0.50
0.10 0.04 0.04 -0.01 -0.41 -0.41
0.30 0.25 0.25 0.30 -0.20 -0.20
0.04 -0.01 -0.01 0.04 -0.46 -0.46
0.00 0.00 0.00 0.00 0.00 0.00
0.11 0.05 0.05 0.11 -0.40 -0.40
0.04 -0.02 -0.02 -0.05 -0.47 -0.47
0.16 0.11 0.11 0.05 -0.34 -0.34
0.04 -0.02 -0.02 -0.05 -0.47 -0.47
0.00 0.00 0.00 0.00 0.00 0.00
0.79 0.86 0.86 0.93 0.35 0.41
0.50 0.43 0.43 0.37 -0.02 -0.02
0.64 0.59 0.59 0.64 0.14 0.14
0.57 0.50 0.50 0.44 0.05 0.05
0.00 0.00 0.00 0.00 0.00 0.00
-0.02 -0.05 -0.05 -0.05 -0.50 -0.50
0.23 0.17 0.11 0.17 -0.28 -0.28
0.04 -0.02 -0.05 -0.02 -0.47 -0.47
0.11 0.17 0.23 0.17 -0.28 -0.28
0.00 0.00 0.00 0.00 0.00 0.00
0.11 0.17 0.23 0.17 -0.28 -0.28
0.31 0.37 0.43 0.37 -0.08 -0.08
0.23 0.17 0.11 0.17 -0.28 -0.28
-0.02 -0.05 -0.05 -0.05 -0.50 -0.50
0.00 0.00 0.00 0.00 0.00 0.00
0.04 -0.02 -0.05 -0.02 -0.47 -0.47
0.11 0.05 0.11 0.05 -0.40 -0.40
0.24 0.18 0.24 0.18 -0.27 -0.27
0.11 0.05 0.11 0.05 -0.40 -0.40
0.00 0.00 0.00 0.00 0.00 0.00
0.57 0.50 0.44 0.50 0.05 0.05
0.72 0.79 0.85 0.79 0.34 0.33
0.57 0.50 0.44 0.50 0.05 0.05
0.64 0.57 0.64 0.59 0.14 0.14
0.00 0.00 0.00 0.00 0.00 0.00
-0.05 -0.05 -0.05 -0.05 -0.50 -0.50
0.16 0.11 0.05 0.16 -0.35 -0.34
-0.02 -0.05 -0.05 -0.02 -0.50 -0.50
0.18 0.23 0.29 0.18 -0.22 -0.22
0.00 0.00 0.00 0.00 0.00 0.00
0.18 0.23 0.29 0.18 -0.22 -0.22
0.37 0.43 0.50 0.37 -0.02 -0.02
0.16 0.11 0.05 0.16 -0.34 -0.34
-0.05 -0.05 -0.05 -0.05 -0.50 -0.50
0.00 0.00 0.00 0.00 0.00 0.00
-0.02 -0.05 -0.05 -0.02 -0.50 -0.50
0.16 0.11 0.05 0.05 -0.34 -0.34
0.29 0.24 0.18 0.18 -0.21 -0.21
0.16 0.11 0.05 0.05 -0.34 -0.34
0.00 0.00 0.00 0.00 0.00 0.00
0.50 0.43 0.37 0.50 -0.02 -0.02
0.79 0.86 0.93 0.79 0.41 0.41
0.50 0.43 0.37 0.50 -0.02 -0.02
0.71 0.64 0.58 0.59 0.19 0.18
0.00 0.00 0.00 0.00 0.00 0.00
-0.05 -0.05 -0.05 -0.05 -0.50 -0.50
0.11 0.05 0.05 0.11 -0.40 -0.40
-0.05 -0.05 -0.05 -0.05 -0.50 -0.50
0.24 0.30 0.30 0.24 0.36 -0.15
0.00 0.00 0.00 0.00 0.00 0.00
0.24 0.30 0.30 0.24 0.36 -0.15
0.44 0.50 0.50 0.44 0.57 0.05
0.11 0.05 0.05 0.11 -0.40 -0.40
-0.05 -0.05 -0.05 -0.05 -0.50 -0.50
0.00 0.00 0.00 0.00 0.00 0.00
-0.05 -0.05 -0.05 -0.05 -0.50 -0.50
0.11 0.05 0.05 0.11 -0.40 -0.40
0.24 0.18 0.18 0.24 -0.27 -0.27
0.11 0.05 0.05 0.11 -0.40 -0.40
0.00 0.00 0.00 0.00 0.00 0.00
0.43 0.37 0.37 0.43 -0.08 0.31
0.77 0.84 0.84 0.77 0.39 1.00
0.43 0.37 0.37 0.43 -0.08 0.31
0.64 0.57 0.57 0.64 0.09 0.51
0.00 0.00 0.00 0.00 0.00 0.00
0.18 0.29 0.18 0.23 -0.22 -0.22
0.44 0.57 0.44 0.50 0.05 0.05
0.24 0.36 0.24 0.30 -0.15 -0.15
-0.05 -0.05 -0.05 -0.05 -0.50 -0.50
0.00 0.00 0.00 0.00 0.00 0.00
-0.05 -0.05 -0.05 -0.05 -0.50 -0.50
0.10 -0.01 0.10 0.04 -0.41 -0.41
0.43 0.31 0.31 0.37 -0.08 -0.08
0.16 0.05 0.05 0.10 -0.35 -0.35
0.00 0.00 0.00 0.00 0.00 0.00
0.23 0.11 0.11 0.17 -0.28 -0.28
0.04 -0.05 0.04 -0.02 -0.47 -0.47
0.16 0.05 0.16 0.11 -0.34 -0.34
0.04 -0.05 0.04 -0.02 -0.47 -0.47
0.00 0.00 0.00 0.00 0.00 0.00
0.79 0.93 0.79 0.86 0.41 0.38
0.50 0.37 0.50 0.43 -0.02 -0.02
0.78 0.65 0.65 0.71 0.26 0.23
0.57 0.44 0.57 0.50 0.05 0.05
0.00 0.00 0.00 0.00 0.00 0.00
0.11 0.23 0.17 0.23 -0.28 -0.28
0.37 0.50 0.43 0.50 -0.02 -0.02
0.18 0.29 0.23 0.29 -0.22 -0.22
-0.02 -0.05 -0.05 -0.05 -0.50 -0.50
0.00 0.00 0.00 0.00 0.00 0.00
-0.02 -0.05 -0.05 -0.05 -0.50 -0.50
0.16 0.05 0.10 0.05 -0.35 -0.35
0.36 0.25 0.30 0.36 -0.15 -0.15
0.10 -0.01 0.04 0.10 -0.41 -0.41
0.00 0.00 0.00 0.00 0.00 0.00
0.16 0.05 0.11 0.16 -0.34 -0.34
0.10 -0.01 0.04 -0.01 -0.41 -0.41
0.23 0.11 0.17 0.11 -0.28 -0.28
0.10 -0.01 0.04 -0.01 -0.41 -0.41
0.00 0.00 0.00 0.00 0.00 0.00
0.72 0.85 0.79 0.85 0.33 0.34
0.57 0.44 0.50 0.44 0.05 0.05
0.71 0.59 0.64 0.71 0.19 0.19
0.64 0.51 0.57 0.51 0.12 0.12
0.00 0.00 0.00 0.00 0.00 0.00
0.04 -0.05 -0.05 -0.02 -0.47 -0.47
0.29 0.18 0.18 0.23 -0.22 -0.22
0.10 -0.01 -0.01 0.04 -0.41 -0.41
0.05 0.16 0.16 0.10 -0.35 -0.35
0.00 0.00 0.00 0.00 0.00 0.00
0.05 0.16 0.16 0.10 -0.35 -0.35
0.24 0.36 0.36 0.30 -0.16 -0.15
0.29 0.18 0.18 0.23 -0.22 -0.22
0.04 -0.05 -0.05 -0.02 -0.47 -0.47
0.00 0.00 0.00 0.00 0.00 0.00
0.10 -0.01 -0.01 0.04 -0.41 -0.41
0.16 0.05 0.16 0.11 -0.34 -0.34
0.29 0.18 0.29 0.24 -0.21 -0.21
0.16 0.05 0.16 0.11 -0.34 -0.34
0.00 0.00 0.00 0.00 0.00 0.00
0.64 0.51 0.51 0.57 0.12 0.12
0.65 0.78 0.78 0.71 0.26 0.26
0.64 0.51 0.51 0.57 0.12 0.12
0.71 0.59 0.71 0.64 0.19 0.19
0.00 0.00 0.00 0.00 0.00 0.00
-0.02 -0.05 -0.05 -0.02 -0.50 -0.50
0.23 0.11 0.11 0.23 -0.28 -0.28
0.04 -0.05 -0.05 0.04 -0.47 -0.47
0.11 0.23 0.23 0.11 -0.28 -0.28
0.00 0.00 0.00 0.00 0.00 0.00
0.11 0.23 0.23 0.11 -0.28 -0.28
0.31 0.43 0.43 0.31 -0.08 -0.08
0.23 0.11 0.11 0.23 -0.28 -0.28
-0.02 -0.05 -0.05 -0.02 -0.50 -0.50
0.00 0.00 0.00 0.00 0.00 0.00
0.04 -0.05 -0.05 0.04 -0.47 -0.47
0.23 0.11 0.11 0.11 -0.28 -0.28
0.36 0.24 0.24 0.24 -0.15 -0.15
0.23 0.11 0.11 0.11 -0.28 -0.28
0.00 0.00 0.00 0.00 0.00 0.00
0.57 0.44 0.44 0.57 0.05 0.05
0.72 0.85 0.85 0.72 0.33 0.34
0.57 0.44 0.44 0.57 0.05 0.05
0.78 0.65 0.65 0.65 0.26 0.26
0.00 0.00 0.00 0.00 0.00 0.00
-0.05 -0.05 -0.05 -0.05 -0.50 -0.50
0.16 0.05 0.11 0.16 -0.34 -0.34
-0.02 -0.05 -0.05 -0.02 -0.50 -0.50
0.18 0.29 0.23 0.18 -0.22 -0.22
0.00 0.00 0.00 0.00 0.00 0.00
0.18 0.29 0.23 0.18 -0.22 -0.22
0.37 0.50 0.43 0.37 -0.02 -0.02
0.16 0.05 0.11 0.16 -0.34 -0.34
-0.05 -0.05 -0.05 -0.05 -0.50 -0.50
0.00 0.00 0.00 0.00 0.00 0.00
-0.02 -0.05 -0.05 -0.02 -0.50 -0.50
0.16 0.05 0.11 0.16 -0.34 -0.34
0.29 0.18 0.24 0.29 -0.21 -0.21
0.16 0.05 0.11 0.16 -0.34 -0.34
0.00 0.00 0.00 0.00 0.00 0.00
0.50 0.37 0.43 0.50 -0.02 -0.02
0.79 0.93 0.86 0.79 0.41 0.41
0.50 0.37 0.43 0.50 -0.02 -0.02
0.71 0.58 0.64 0.71 0.19 0.19
0.00 0.00 0.00 0.00 0.00 0.00
0.11 0.23 0.11 0.17 -0.28 -0.28
0.37 0.50 0.37 0.43 -0.02 -0.02
0.18 0.29 0.18 0.23 -0.22 -0.22
-0.05 -0.05 -0.02 -0.05 -0.50 -0.50
0.00 0.00 0.00 0.00 0.00 0.00
-0.05 -0.05 -0.02 -0.05 -0.50 -0.50
0.05 0.05 0.16 0.10 -0.35 -0.35
0.50 0.37 0.37 0.43 -0.02 -0.02
0.23 0.11 0.11 0.17 -0.28 -0.28
0.00 0.00 0.00 0.00 0.00 0.00
0.29 0.18 0.18 0.23 -0.22 -0.22
-0.01 -0.01 0.10 0.04 -0.41 -0.41
0.11 0.11 0.23 0.17 -0.28 -0.28
-0.01 -0.01 0.10 0.04 -0.41 -0.41
0.00 0.00 0.00 0.00 0.00 0.00
0.72 0.85 0.72 0.79 0.34 0.34
0.44 0.44 0.57 0.50 0.05 0.05
0.85 0.72 0.72 0.79 0.34 0.34
0.51 0.51 0.64 0.57 0.12 0.11
0.00 0.00 0.00 0.00 0.00 0.00
0.05 0.16 0.05 0.16 -0.35 -0.35
0.31 0.43 0.31 0.43 -0.08 -0.08
0.11 0.23 0.11 0.23 -0.28 -0.28
-0.05 -0.05 0.04 -0.05 -0.47 -0.47
0.00 0.00 0.00 0.00 0.00 0.00
-0.05 -0.05 0.04 -0.05 -0.47 -0.47
0.11 0.11 0.23 0.11 -0.28 -0.28
0.31 0.31 0.31 0.43 -0.08 -0.08
0.05 0.05 0.05 0.16 -0.35 -0.35
0.00 0.00 0.00 0.00 0.00 0.00
0.11 0.11 0.11 0.23 -0.28 -0.28
0.05 0.05 0.16 0.05 -0.35 -0.35
0.18 0.18 0.29 0.18 -0.22 -0.22
0.05 0.05 0.16 0.05 -0.35 -0.35
0.00 0.00 0.00 0.00 0.00 0.00
0.65 0.78 0.65 0.78 0.26 0.26
0.51 0.51 0.64 0.51 0.11 0.12
0.65 0.65 0.65 0.78 0.26 0.26
0.58 0.58 0.71 0.58 0.19 0.19
0.00 0.00 0.00 0.00 0.00 0.00
-0.01 -0.01 -0.01 0.10 -0.41 -0.41
0.24 0.24 0.24 0.36 -0.15 -0.15
0.05 0.05 0.05 0.16 -0.35 -0.35
-0.01 0.10 0.10 -0.01 -0.41 -0.41
0.00 0.00 0.00 0.00 0.00 0.00
-0.01 0.10 0.10 -0.01 -0.41 -0.41
0.18 0.29 0.29 0.18 -0.22 -0.22
0.24 0.24 0.24 0.36 -0.15 -0.15
-0.01 -0.01 -0.01 0.10 -0.41 -0.41
0.00 0.00 0.00 0.00 0.00 0.00
0.05 0.05 0.05 0.16 -0.35 -0.35
0.11 0.11 0.23 0.11 -0.28 -0.28
0.24 0.24 0.36 0.24 -0.15 -0.15
0.11 0.11 0.23 0.11 -0.28 -0.28
0.00 0.00 0.00 0.00 0.00 0.00
0.58 0.58 0.58 0.71 0.19 0.19
0.58 0.71 0.71 0.58 0.16 0.15
0.58 0.58 0.58 0.71 0.19 0.15
0.65 0.65 0.78 0.65 0.26 0.26
0.00 0.00 0.00 0.00 0.00 0.00
-0.05 -0.05 -0.05 0.04 -0.47 -0.47
0.18 0.18 0.18 0.29 -0.22 -0.22
-0.01 -0.01 -0.01 0.10 -0.41 -0.41
0.05 0.16 0.16 0.05 -0.35 -0.35
0.00 0.00 0.00 0.00 0.00 0.00
0.05 0.16 0.16 0.05 -0.35 -0.35
0.24 0.36 0.36 0.24 -0.15 -0.15
0.18 0.17 0.18 0.29 -0.22 -0.22
-0.05 -0.05 -0.05 0.04 -0.47 -0.47
0.00 0.00 0.00 0.00 0.00 0.00
-0.01 -0.01 -0.01 0.10 -0.41 -0.41
0.29 0.18 0.18 0.18 -0.22 -0.22
0.43 0.31 0.31 0.31 -0.08 -0.08
0.29 0.18 0.18 0.18 -0.22 -0.22
0.00 0.00 0.00 0.00 0.00 0.00
0.51 0.51 0.51 0.64 0.12 0.12
0.65 0.78 0.78 0.65 0.26 0.26
0.51 0.51 0.51 0.64 0.12 0.12
0.85 0.72 0.72 0.72 0.34 0.34
0.00 0.00 0.00 0.00 0.00 0.00
-0.05 -0.05 -0.05 -0.02 -0.50 -0.50
0.11 0.11 0.17 0.23 -0.28 -0.28
-0.05 -0.05 -0.02 0.04 -0.47 -0.47
0.11 0.23 0.17 0.11 -0.28 -0.28
0.00 0.00 0.00 0.00 0.00 0.00
0.11 0.23 0.17 0.11 -0.28 -0.28
0.31 0.43 0.37 0.31 -0.08 -0.08
0.11 0.11 0.17 0.23 -0.28 -0.28
-0.05 -0.05 -0.05 -0.02 -0.50 -0.50
0.00 0.00 0.00 0.00 0.00 0.00
-0.05 -0.05 -0.02 0.04 -0.47 -0.47
0.23 0.11 0.17 0.23 -0.28 -0.28
0.36 0.24 0.30 0.36 -0.15 -0.15
0.23 0.11 0.17 0.23 -0.28 -0.28
0.00 0.00 0.00 0.00 0.00 0.00
0.44 0.44 0.50 0.57 0.05 0.05
0.72 0.85 0.79 0.72 0.34 0.34
0.44 0.44 0.50 0.57 0.05 0.05
0.78 0.65 0.71 0.78 0.15 0.26
0.00 0.00 0.00 0.00 0.00 0.00
0.05 0.16 0.11 0.11 -0.34 -0.34
0.31 0.43 0.37 0.37 -0.08 -0.08
0.12 0.23 0.17 0.17 -0.28 -0.28
-0.05 -0.05 -0.05 -0.05 -0.50 -0.50
0.00 0.00 0.00 0.00 0.00 0.00
-0.05 -0.05 -0.05 -0.05 -0.50 -0.50
-0.01 0.10 0.04 0.04 -0.41 -0.41
0.57 0.44 0.50 0.50 0.05 0.05
0.29 0.18 0.23 0.23 -0.22 -0.22
0.00 0.00 0.00 0.00 0.00 0.00
0.36 0.24 0.30 0.30 -0.15 -0.15
-0.05 0.04 -0.02 -0.02 -0.47 -0.47
0.05 0.16 0.11 0.11 -0.34 -0.34
-0.05 0.04 -0.02 -0.02 -0.47 -0.47
0.00 0.00 0.00 0.00 0.00 0.00
0.65 0.78 0.71 0.71 0.26 0.26
0.37 0.50 0.43 0.43 -0.02 -0.02
0.93 0.79 0.86 0.86 0.41 0.41
0.44 0.57 0.50 0.50 0.05 0.05
0.00 0.00 0.00 0.00 0.00 0.00
-0.01 0.10 -0.01 0.04 -0.41 -0.41
0.24 0.36 0.24 0.30 -0.15 -0.15
0.05 0.16 0.05 0.10 -0.35 -0.35
-0.05 -0.02 -0.02 -0.05 -0.50 -0.50
0.00 0.00 0.00 0.00 0.00 0.00
-0.05 -0.02 -0.02 -0.05 -0.50 -0.50
0.05 0.16 0.16 0.11 -0.34 -0.34
0.24 0.36 0.24 0.30 -0.15 -0.15
-0.01 0.10 -0.01 0.04 -0.41 -0.41
0.00 0.00 0.00 0.00 0.00 0.00
0.05 0.16 0.05 0.10 -0.35 -0.35
-0.01 0.10 0.10 0.04 -0.41 -0.41
0.12 0.23 0.23 0.17 -0.28 -0.28
-0.01 0.10 0.10 0.04 -0.41 -0.41
0.00 0.00 0.00 0.00 0.00 0.00
0.58 0.71 0.58 0.64 0.19 0.19
0.45 0.57 0.57 0.50 0.05 0.05
0.58 0.71 0.58 0.64 0.19 0.19
0.52 0.64 0.64 0.57 0.12 0.12
0.00 0.00 0.00 0.00 0.00 0.00
-0.05 0.04 -0.02 0.04 -0.47 -0.47
0.18 0.29 0.24 0.29 -0.21 -0.22
-0.01 0.10 0.04 0.10 -0.41 -0.41
-0.05 0.04 -0.02 -0.05 -0.47 -0.47
0.00 0.00 0.00 0.00 0.00 0.00
-0.05 0.04 -0.02 -0.05 -0.47 -0.47
0.11 0.23 0.17 0.11 -0.28 -0.28
0.18 0.29 0.24 0.29 -0.21 -0.21
-0.05 0.04 -0.02 0.04 -0.47 -0.47
0.00 0.00 0.00 0.00 0.00 0.00
-0.01 0.10 0.04 0.10 -0.41 -0.41
0.05 0.16 0.10 0.05 -0.35 -0.35
0.18 0.29 0.23 0.18 -0.22 -0.22
0.05 0.16 0.10 0.05 -0.35 -0.35
0.00 0.00 0.00 0.00 0.00 0.00
0.52 0.64 0.57 0.64 0.12 0.12
0.51 0.64 0.57 0.51 0.12 0.12
0.52 0.64 0.57 0.64 0.12 0.12
0.58 0.71 0.64 0.58 0.19 0.19
0.00 0.00 0.00 0.00 0.00 0.00
-0.05 -0.02 -0.05 -0.05 -0.50 -0.50
0.11 0.23 0.11 0.17 -0.28 -0.28
-0.05 0.04 -0.05 -0.02 -0.47 -0.47
-0.01 0.10 0.10 0.04 -0.41 -0.41
0.00 0.00 0.00 0.00 0.00 0.00
-0.01 0.10 0.10 0.04 -0.41 -0.41
0.18 0.29 0.29 0.24 -0.21 -0.21
0.11 0.23 0.11 0.17 -0.28 -0.28
-0.05 -0.02 -0.05 -0.05 -0.50 -0.50
0.00 0.00 0.00 0.00 0.00 0.00
-0.05 0.04 -0.05 -0.02 -0.47 -0.47
0.36 0.24 0.24 0.30 -0.18 -0.15
0.50 0.37 0.37 0.43 -0.02 -0.02
0.36 0.24 0.24 0.30 -0.15 -0.15
0.00 0.00 0.00 0.00 0.00 0.00
0.44 0.57 0.44 0.50 0.05 0.04
0.58 0.71 0.71 0.64 0.19 0.19
0.44 0.57 0.44 0.50 0.05 0.05
0.93 0.79 0.79 0.86 0.41 0.41
0.00 0.00 0.00 0.00 0.00 0.00
-0.05 -0.05 -0.05 -0.05 -0.50 -0.50
0.05 0.16 0.11 0.16 -0.34 -0.34
-0.05 -0.02 -0.05 -0.02 -0.50 -0.50
0.05 0.16 0.10 0.05 -0.35 -0.35
0.00 0.00 0.00 0.00 0.00 0.00
0.05 0.16 0.10 0.05 -0.35 -0.35
0.24 0.36 0.30 0.24 -0.15 -0.15
0.05 0.16 0.11 0.16 -0.34 -0.34
-0.05 -0.05 -0.05 -0.05 -0.50 -0.50
0.00 0.00 0.00 0.00 0.00 0.00
-0.05 -0.02 -0.05 -0.02 -0.50 -0.50
0.29 0.18 0.23 0.29 -0.22 -0.22
0.43 0.31 0.37 0.43 -0.08 -0.08
0.29 0.18 0.23 0.29 -0.22 -0.22
0.00 0.00 0.00 0.00 0.00 0.00
0.38 0.50 0.44 0.50 -0.01 -0.01
0.65 0.78 0.71 0.65 0.24 0.26
0.38 0.50 0.44 0.50 -0.01 -0.02
0.85 0.72 0.79 0.85 0.34 0.34
0.00 0.00 0.00 0.00 0.00 0.00
0.05 0.11 0.05 0.05 -0.40 -0.40
0.31 0.37 0.31 0.31 -0.14 -0.14
0.12 0.17 0.12 0.12 -0.33 -0.33
-0.05 -0.05 -0.05 -0.05 -0.50 -0.50
0.00 0.00 0.00 0.00 0.00 0.00
-0.05 -0.05 -0.05 -0.05 -0.50 -0.50
-0.01 0.04 -0.01 -0.01 -0.46 -0.46
0.57 0.51 0.57 0.57 0.64 0.12
0.30 0.24 0.30 0.30 0.36 -0.15
0.00 0.00 0.00 0.00 0.00 0.00
0.37 0.31 0.37 0.37 0.43 -0.08
-0.05 -0.02 -0.05 -0.05 -0.50 -0.50
0.05 0.11 0.05 0.05 -0.40 -0.40
-0.05 -0.02 -0.05 -0.05 -0.50 -0.50
0.00 0.00 0.00 0.00 0.00 0.00
0.64 0.71 0.64 0.64 0.19 0.58
0.37 0.43 0.37 0.37 -0.08 0.31
0.84 0.77 0.84 0.84 0.39 1.00
0.43 0.50 0.43 0.43 -0.02 0.37
0.00 0.00 0.00 0.00 0.00 0.00
-0.02 0.04 -0.05 -0.02 -0.47 -0.47
0.24 0.29 0.18 0.24 -0.21 -0.21
0.04 0.10 -0.01 0.04 -0.41 -0.41
-0.05 -0.05 -0.05 -0.05 -0.50 -0.50
0.00 0.00 0.00 0.00 0.00 0.00
-0.05 -0.05 -0.05 -0.05 -0.50 -0.50
0.05 0.11 0.11 0.05 -0.40 -0.40
0.24 0.29 0.18 0.24 -0.21 -0.21
-0.02 0.04 -0.05 -0.02 -0.47 -0.47
0.00 0.00 0.00 0.00 0.00 0.00
0.04 0.10 -0.01 0.04 -0.41 -0.41
-0.01 0.04 0.04 -0.01 -0.46 -0.46
0.12 0.17 0.17 0.12 -0.33 -0.34
-0.01 0.04 0.04 -0.01 -0.46 -0.46
0.00 0.00 0.00 0.00 0.00 0.00
0.57 0.64 0.52 0.57 0.12 0.12
0.45 0.50 0.50 0.45 -0.00 -0.00
0.57 0.64 0.52 0.57 0.12 0.12
0.52 0.57 0.57 0.52 0.06 0.06
0.00 0.00 0.00 0.00 0.00 0.00
-0.05 -0.02 -0.05 -0.02 -0.50 -0.50
0.18 0.24 0.18 0.24 -0.27 -0.27
-0.01 0.04 -0.01 0.04 -0.46 -0.46
-0.05 -0.02 -0.05 -0.05 -0.50 -0.50
0.00 0.00 0.00 0.00 0.00 0.00
-0.05 -0.02 -0.05 -0.05 -0.50 -0.50
0.11 0.16 0.11 0.05 -0.34 -0.34
0.18 0.24 0.18 0.24 -0.27 -0.27
-0.05 -0.02 -0.05 -0.02 -0.50 -0.50
0.00 0.00 0.00 0.00 0.00 0.00
-0.01 0.04 -0.01 0.04 -0.46 -0.46
0.04 0.10 0.04 -0.01 -0.41 -0.41
0.17 0.23 0.17 0.12 -0.28 -0.28
0.04 0.10 0.04 -0.01 -0.41 -0.41
0.00 0.00 0.00 0.00 0.00 0.00
0.52 0.57 0.52 0.57 0.07 0.07
0.50 0.57 0.50 0.45 0.05 0.05
0.52 0.57 0.52 0.57 0.07 0.07
0.57 0.64 0.57 0.52 0.10 0.12
0.00 0.00 0.00 0.00 0.00 0.00
-0.05 -0.05 -0.05 -0.05 -0.50 -0.50
0.11 0.16 0.05 0.11 -0.34 -0.34
-0.05 -0.02 -0.05 -0.05 -0.50 -0.50
-0.01 0.04 0.04 -0.01 -0.46 -0.46
0.00 0.00 0.00 0.00 0.00 0.00
-0.01 0.04 0.04 -0.01 -0.46 -0.46
0.18 0.24 0.24 0.18 -0.27 -0.27
0.11 0.16 0.05 0.11 -0.34 -0.34
-0.05 -0.05 -0.05 -0.05 -0.50 -0.50
0.00 0.00 0.00 0.00 0.00 0.00
-0.05 -0.02 -0.05 -0.05 -0.50 -0.50
0.37 0.31 0.31 0.37 0.43 -0.08
0.50 0.44 0.44 0.50 0.57 0.05
0.37 0.31 0.31 0.37 0.43 -0.08
0.00 0.00 0.00 0.00 0.00 0.00
0.43 0.50 0.38 0.43 -0.02 0.37
0.57 0.64 0.64 0.57 0.12 0.51
0.43 0.50 0.38 0.43 -0.02 0.37
0.84 0.77 0.77 0.84 0.39 1.00
0.00 0.00 0.00 0.00 0.00 0.00
-0.05 -0.05 -0.05 -0.05 -0.50 -0.50
0.05 0.11 0.05 0.11 -0.40 -0.40
-0.05 -0.05 -0.05 -0.05 -0.50 -0.50
0.04 0.10 0.04 -0.01 -0.41 -0.41
0.00 0.00 0.00 0.00 0.00 0.00
0.04 0.10 0.04 -0.01 -0.41 -0.41
0.24 0.29 0.24 0.18 -0.21 -0.21
0.05 0.11 0.05 0.11 -0.40 -0.40
-0.05 -0.05 -0.05 -0.05 -0.50 -0.50
0.00 0.00 0.00 0.00 0.00 0.00
-0.05 -0.05 -0.05 -0.05 -0.50 -0.50
0.30 0.24 0.30 0.36 -0.15 -0.15
0.43 0.37 0.43 0.50 -0.02 -0.02
0.30 0.24 0.30 0.36 -0.15 -0.15
0.00 0.00 0.00 0.00 0.00 0.00
0.38 0.44 0.38 0.44 -0.07 -0.07
0.64 0.71 0.64 0.58 0.16 0.19
0.38 0.44 0.38 0.44 -0.07 -0.07
0.86 0.79 0.86 0.93 0.41 0.41
